18214678
21234305
11773952
21841427
14736670
15125081
19082127
14472192
21066767
14137603
19187542
23849259
15750724
12951469
21927976
22703070
18669586
18343663
14639094
13410821
16114020
18551860
17577859
21407051
15283505
8631719
17545522
12130063
6627514
12280022
14485382
14161753
17920064
11718056
9380279
18319340
19428259
13624479
15512509
13912713
11062728
15916279
15880189
16662172
13317921
12485833
20900043
11204001
8368141
9795470
11505097
20159803
16899937
9232537
11974847
9247778
17769350
9259450
10801202
18866401
11622229
11808474
13508237
14849712
15344263
15328915
12639988
19454642
13514611
17040250
11467038
5629636
15119888
18035181
17688851
8796290
16721840
24449470
25275313
21227596
22619039
17000899
11842665
10160587
9314034
12318377
11025129
18157551
10684313
20172606
14549373
21176671
17184319
16713900
11057654
11048316
6229694
10497431
9433491
16838684
